 
 -30  -30  -30   -0.331361  -0.33432  -0.33432 
 -30  -30  -20   -0.501075  -0.498925  0 
 -30  -30  -10   -0.5  -0.5  0 
 -30  -30  -3.8147e-06   -0.491266  -0.508734  0 
 -30  -30  10   -0.492341  -0.507659  0 
 -30  -30  20   -0.507659  -0.492341  0 
 -30  -30  30   -0.327536  -0.347826  0.324638 
 -30  -20  -30   -0.501075  0  -0.498925 
 -30  -20  -20   -1  0  0 
 -30  -20  -10   -1  0  0 
 -30  -20  -3.8147e-06   -1  0  0 
 -30  -20  10   -1  0  0 
 -30  -20  20   -1  0  0 
 -30  -20  30   -0.498925  0  0.501075 
 -30  -10  -30   -0.5  0  -0.5 
 -30  -10  -20   -1  0  0 
 -30  -10  -10   -1  0  0 
 -30  -10  -3.8147e-06   -1  0  0 
 -30  -10  10   -1  0  0 
 -30  -10  20   -1  0  0 
 -30  -10  30   -0.5  0  0.5 
 -30  -3.8147e-06  -30   -0.5  0  -0.5 
 -30  -3.8147e-06  -20   -1  0  0 
 -30  -3.8147e-06  -10   -1  0  0 
 -30  -3.8147e-06  -3.8147e-06   -1  0  0 
 -30  -3.8147e-06  10   -1  0  0 
 -30  -3.8147e-06  20   -1  0  0 
 -30  -3.8147e-06  30   -0.5  0  0.5 
 -30  10  -30   -0.5  0  -0.5 
 -30  10  -20   -1  0  0 
 -30  10  -10   -1  0  0 
 -30  10  -3.8147e-06   -1  0  0 
 -30  10  10   -1  0  0 
 -30  10  20   -1  0  0 
 -30  10  30   -0.5  0  0.5 
 -30  20  -30   -0.498925  0  -0.501075 
 -30  20  -20   -1  0  0 
 -30  20  -10   -1  0  0 
 -30  20  -3.8147e-06   -1  0  0 
 -30  20  10   -1  0  0 
 -30  20  20   -1  0  0 
 -30  20  30   -0.501075  0  0.498925 
 -30  30  -30   -0.335312  0.332344  -0.332344 
 -30  30  -20   -0.498925  0.501075  0 
 -30  30  -10   -0.498891  0.501109  0 
 -30  30  -3.8147e-06   -0.492341  0.507659  0 
 -30  30  10   -0.490196  0.509804  0 
 -30  30  20   -0.508734  0.491266  0 
 -30  30  30   -0.324638  0.347826  0.327536 
 -20  -30  -30   0  -0.5  -0.5 
 -20  -30  -20   0  -1  0 
 -20  -30  -10   0  -1  0 
 -20  -30  -3.8147e-06   0  -1  0 
 -20  -30  10   0  -1  0 
 -20  -30  20   0  -1  0 
 -20  -30  30   0  -0.5  0.5 
 -20  -20  -30   0  0  -1 
 -20  -20  30   0  0  1 
 -20  -10  -30   0  0  -1 
 -20  -10  30   0  0  1 
 -20  -3.8147e-06  -30   0  0  -1 
 -20  -3.8147e-06  30   0  0  1 
 -20  10  -30   0  0  -1 
 -20  10  30   0  0  1 
 -20  20  -30   0  0  -1 
 -20  20  30   0  0  1 
 -20  30  -30   0  0.484407  -0.515593 
 -20  30  -20   0  1  0 
 -20  30  -10   0  1  0 
 -20  30  -3.8147e-06   0  1  0 
 -20  30  10   0  1  0 
 -20  30  20   0  1  0 
 -20  30  30   0  0.516667  0.483333 
 -10  -30  -30   0  -0.5  -0.5 
 -10  -30  -20   0  -1  0 
 -10  -30  -10   0  -1  0 
 -10  -30  -3.8147e-06   0  -1  0 
 -10  -30  10   0  -1  0 
 -10  -30  20   0  -1  0 
 -10  -30  30   0  -0.5  0.5 
 -10  -20  -30   0  0  -1 
 -10  -20  30   0  0  1 
 -10  -10  -30   0  0  -1 
 -10  -10  30   0  0  1 
 -10  -3.8147e-06  -30   0  0  -1 
 -10  -3.8147e-06  30   0  0  1 
 -10  10  -30   0  0  -1 
 -10  10  30   0  0  1 
 -10  20  -30   0  0  -1 
 -10  20  30   0  0  1 
 -10  30  -30   0  0.483871  -0.516129 
 -10  30  -20   0  1  0 
 -10  30  -10   0  1  0 
 -10  30  -3.8147e-06   0  1  0 
 -10  30  10   0  1  0 
 -10  30  20   0  1  0 
 -10  30  30   0  0.516129  0.483871 
 -3.8147e-06  -30  -30   0  -0.508734  -0.491266 
 -3.8147e-06  -30  -20   0  -1  0 
 -3.8147e-06  -30  -10   0  -1  0 
 -3.8147e-06  -30  -3.8147e-06   0  -1  0 
 -3.8147e-06  -30  10   0  -1  0 
 -3.8147e-06  -30  20   0  -1  0 
 -3.8147e-06  -30  30   0  -0.5  0.5 
 -3.8147e-06  -20  -30   0  0  -1 
 -3.8147e-06  -20  30   0  0  1 
 -3.8147e-06  -10  -30   0  0  -1 
 -3.8147e-06  -10  30   0  0  1 
 -3.8147e-06  -3.8147e-06  -30   0  0  -1 
 -3.8147e-06  -3.8147e-06  30   0  0  1 
 -3.8147e-06  10  -30   0  0  -1 
 -3.8147e-06  10  30   0  0  1 
 -3.8147e-06  20  -30   0  0  -1 
 -3.8147e-06  20  30   0  0  1 
 -3.8147e-06  30  -30   0  0.475687  -0.524313 
 -3.8147e-06  30  -20   0  1  0 
 -3.8147e-06  30  -10   0  1  0 
 -3.8147e-06  30  -3.8147e-06   0  1  0 
 -3.8147e-06  30  10   0  1  0 
 -3.8147e-06  30  20   0  1  0 
 -3.8147e-06  30  30   0  0.524313  0.475687 
 10  -30  -30   0  -0.507659  -0.492341 
 10  -30  -20   0  -1  0 
 10  -30  -10   0  -1  0 
 10  -30  -3.8147e-06   0  -1  0 
 10  -30  10   0  -1  0 
 10  -30  20   0  -1  0 
 10  -30  30   0  -0.5  0.5 
 10  -20  -30   0  0  -1 
 10  -20  30   0  0  1 
 10  -10  -30   0  0  -1 
 10  -10  30   0  0  1 
 10  -3.8147e-06  -30   0  0  -1 
 10  -3.8147e-06  30   0  0  1 
 10  10  -30   0  0  -1 
 10  10  30   0  0  1 
 10  20  -30   0  0  -1 
 10  20  30   0  0  1 
 10  30  -30   0  0.475687  -0.524313 
 10  30  -20   0  1  0 
 10  30  -10   0  1  0 
 10  30  -3.8147e-06   0  1  0 
 10  30  10   0  1  0 
 10  30  20   0  1  0 
 10  30  30   0  0.524313  0.475687 
 20  -30  -30   0  -0.491266  -0.508734 
 20  -30  -20   0  -1  0 
 20  -30  -10   0  -1  0 
 20  -30  -3.8147e-06   0  -1  0 
 20  -30  10   0  -1  0 
 20  -30  20   0  -1  0 
 20  -30  30   0  -0.5  0.5 
 20  -20  -30   0  0  -1 
 20  -20  30   0  0  1 
 20  -10  -30   0  0  -1 
 20  -10  30   0  0  1 
 20  -3.8147e-06  -30   0  0  -1 
 20  -3.8147e-06  30   0  0  1 
 20  10  -30   0  0  -1 
 20  10  30   0  0  1 
 20  20  -30   0  0  -1 
 20  20  30   0  0  1 
 20  30  -30   0  0.491525  -0.508475 
 20  30  -20   0  1  0 
 20  30  -10   0  1  0 
 20  30  -3.8147e-06   0  1  0 
 20  30  10   0  1  0 
 20  30  20   0  1  0 
 20  30  30   0  0.5074  0.4926 
 30  -30  -30   0.327536  -0.347826  -0.324638 
 30  -30  -20   0.498925  -0.501075  0 
 30  -30  -10   0.5  -0.5  0 
 30  -30  -3.8147e-06   0.5  -0.5  0 
 30  -30  10   0.5  -0.5  0 
 30  -30  20   0.501075  -0.498925  0 
 30  -30  30   0.331361  -0.33432  0.33432 
 30  -20  -30   0.483333  0  -0.516667 
 30  -20  -20   1  0  0 
 30  -20  -10   1  0  0 
 30  -20  -3.8147e-06   1  0  0 
 30  -20  10   1  0  0 
 30  -20  20   1  0  0 
 30  -20  30   0.501075  0  0.498925 
 30  -10  -30   0.483871  0  -0.516129 
 30  -10  -20   1  0  0 
 30  -10  -10   1  0  0 
 30  -10  -3.8147e-06   1  0  0 
 30  -10  10   1  0  0 
 30  -10  20   1  0  0 
 30  -10  30   0.5  0  0.5 
 30  -3.8147e-06  -30   0.475687  0  -0.524313 
 30  -3.8147e-06  -20   1  0  0 
 30  -3.8147e-06  -10   1  0  0 
 30  -3.8147e-06  -3.8147e-06   1  0  0 
 30  -3.8147e-06  10   1  0  0 
 30  -3.8147e-06  20   1  0  0 
 30  -3.8147e-06  30   0.5  0  0.5 
 30  10  -30   0.475687  0  -0.524313 
 30  10  -20   1  0  0 
 30  10  -10   1  0  0 
 30  10  -3.8147e-06   1  0  0 
 30  10  10   1  0  0 
 30  10  20   1  0  0 
 30  10  30   0.5  0  0.5 
 30  20  -30   0.4926  0  -0.5074 
 30  20  -20   1  0  0 
 30  20  -10   1  0  0 
 30  20  -3.8147e-06   1  0  0 
 30  20  10   1  0  0 
 30  20  20   1  0  0 
 30  20  30   0.498925  0  0.501075 
 30  30  -30   0.31728  0.320113  -0.362606 
 30  30  -20   0.501075  0.498925  0 
 30  30  -10   0.5  0.5  0 
 30  30  -3.8147e-06   0.5  0.5  0 
 30  30  10   0.5  0.5  0 
 30  30  20   0.498925  0.501075  0 
 30  30  30   0.327536  0.347826  0.324638 
						
